[CameraBase]
w = 820
h = 820
# fx fy cx cy s
K = 8.200000000000000e+02 8.200000000000000e+02 4.100000000000000e+02 4.100000000000000e+02 0.000000000000000e+00
